5857
16577
74888
60694
76620
73586
60989
72754
3417
3559
64571
7371
63000
74061
73460
24710
53425
69005
77152
61378
57961
15507
26013
64798
76457
25839
62391
6434
6322
75319
79575
24844
70900
7679
77400
79417
73801
74524
76076
75110
55070
22128
59552
5037
72281
78566
23363
11734
54320
74100
79103
57831
73079
68646
75530
25468
79952
38721
62286
70495
75628
67611
68557
78859
64208
66771
71660
23480
77575
66926
75972
57752
75249
76090
72788
39526
63112
68268
75473
22834
74236
74815
73564
24144
17636
64649
73572
23453
66472
24002
26070
71490
75816
68661
74668
69438
78518
74838
73922
63010
63053
64844
53399
27207
70095
59187
79699
77953
26155
77528
70547
64647
25583
63616
79649
25499
60827
53547
62855
72247
67712
60672
75176
55361
78659
71443
17775
69200
757
24492
37012
69340
74267
73477
20291
62618
75375
56838
55621
76695
24559
14796
64635
8401
76077
79267
20334
64919
67435
63384
6181
63273
53876
68288
72648
14606
77929
13630
63562
55271
18553
77098
17430
58693
53994
77242
67175
4685
73120
61515
24377
76251
24388
67531
7859
24591
79128
56347
73146
21083
54422
55261
72829
19533
40455
79687
77962
58626
67976
66813
72337
75756
62382
74168
5014
21138
70338
66086
27857
71345
78930
72087
79851
22727
68460
76706
77154
23172
76486
74559
73369
66918
19059
28999
62885
59417
61998
76528
71793
71170
18126
67790
77897
17204
62300
65438
75347
60627
67525
16818
76856
78773
78812
73043
29462
77140
33039
72501
66546
31533
71684
76407
37051
74634
68011
77493
23671
68815
22405
19651
54787
60644
62262
73448
70563
18335
68142
66044
68012
13687
76728
8330
32940
19473
56941
54073
71936
66895
79030
6956
75397
17041
70767
56877
73274
76096
77029
78272
72755
22010
56089
78705
68341
59831
3531
75431
17005
63291
68464
76422
57353
72242
73714
65913
71061
77796
75561
66107
71278
60401
71375
57638
71977
6580
34438
73446
76575
76631
73392
77251
70922
35382
60859
78204
20482
79315
57683
78198
12281
63200
60419
71313
32402
33456
72789
62972
59622
56898
71964
59618
76298
56154
15588
21954
64978
19793
71089
71929
28089
759
74910
72762
66521
45017
58367
59556
78881
59209
61466
71142
201
79637
65211
64234
78192
76861
64625
19108
72441
27431
79818
70020
78547
22826
69492
66374
76693
76627
73920
22081
66515
1705
70379
74238
74627
77281
54553
78979
74911
18572
7066
78625
16940
20411
18782
65197
71161
61038
77460
71193
73303
58859
74468
79539
73913
77303
25538
22958
45747
62288
75035
75893
53563
61554
78917
57533
17694
20858
72883
3117
72045
22911
64512
66628
74280
72892
9560
63895
38009
69813
68945
79064
23949
68049
78646
35735
71845
69334
59768
64922
54058
73729
59875
30685
55216
57981
64910
26545
526
74042
67274
65867
71273
70455
9684
25146
69586
79219
69144
76911
19764
73750
23200
15700
67599
65011
32123
25154
24864
1646
70413
33987
77006
21961
64404
67693
16715
21689
56183
53788
18098
18824
72314
26139
68388
70114
66130
66207
57212
79925
57338
18034
25338
78064
55966
23368
71022
69190
63153
1132
11703
2540
57080
19601
78482
15725
64685
61445
78016
71790
61112
54873
15912
75000
59920
76100
68823
79313
79097
79224
74052
32553
71732
53712
73755
77214
23559
74495
26043
70076
78021
23292
78843
3301
76372
73976
69955
63001
59400
55797
2297
62714
78190
68087
10834
54496
66520
28389
69646
7427
19729
79823
61482
16736
64036
25346
71337
79356
60207
18193
78059
73440
20855
62801
58816
72524
64557
72792
75168
71437
69091
53578
58091
57133
71532
78711
75112
57810
79962
73375
58074
78704
29153
74975
60086
62298
19754
76014
74274
23970
32214
61037
79945
59397
78950
63295
74046
8940
75791
75952
612
66559
70868
76121
20253
79879
60794
69651
26206
24776
75909
18772
2070
20173
74669
67041
14922
71969
78513
77974
618
68319
73231
78524
79010
79350
73205
17
59244
73810
53828
5272
17084
77137
59257
24820
56032
57129
77603
20122
64715
70724
71450
54316
18664
21215
56290
72347
54838
13041
68629
69441
13099
7919
61260
73713
60158
16011
76614
21933
66159
56542
78020
60481
71634
77524
61152
12616
55522
72093
70140
16714
79607
65669
72686
69241
56498
77155
79705
75673
57601
78263
19711
8369
71391
78632
77746
77245
79028
14247
73410
58640
61617
19818
71407
70745
72820
71909
54250
64007
27840
56505
78533
17579
26208
77795
58236
78751
73570
69699
64682
73496
79303
79508
78050
78353
78783
17589
13551
70217
65725
64207
79731
65094
75191
75398
21556
1464
21906
24498
78797
56306
78938
54526
73413
78097
75075
55972
65387
78563
68975
8672
58728
58224
63250
60883
55539
58488
73507
74397
73893
76478
55314
58409
78649
77348
2277
71097
77300
70354
69705
65739
66508
71436
15055
76018
18545
16360
23259
20573
63233
14726
45107
61234
77934
58561
21172
58232
69182
72324
69656
7375
66719
76461
22049
78678
53803
67226
73097
73212
71654
25052
73543
58361
56004
11056
73046
39312
77432
4243
58099
63425
74515
77806
65116
55262
74600
62639
70358
79968
3394
18957
10491
21220
53769
75605
76332
73571
73635
66438
64804
64559
77328
64848
76243
53729
73350
57433
60478
65994
17856
76392
66014
63829
76745
76315
12168
26304
21332
72117
8171
24918
68710
54195
78291
79343
78456
79564
58142
72536
68595
67667
65301
19151
58720
77655
70584
70369
65987
60301
78208
58997
23868
14331
59382
73015
78928
58620
34070
18866
21366
57883
64815
75253
71149
64598
78941
76760
74675
20188
74767
10897
2399
64619
69607
54046
69225
74298
54863
53614
60180
78249
74159
69743
76323
12691
78009
63381
65854
23814
13743
54673
10080
62902
66927
22525
69690
62523
25469
669
54221
64545
26113
5608
70452
75295
64549
1714
14415
73705
66747
78045
70509
77619
75911
59698
70733
67239
73347
64732
59284
77880
76756
77932
74415
24390
75270
78134
73744
59202
62071
64791
63984
74231
13636
66549
65695
56674
14579
17381
65583
11297
15428
69372
63468
69341
22955
60782
55423
23742
72178
67047
73115
3775
8833
62314
72522
35236
67245
78055
67457
73126
78246
73052
69159
13083
74656
64442
79223
26129
30231
79166
71249
63971
65163
67904
79619
77834
54392
77996
75885
77565
79771
25048
75512
27969
64539
71381
75926
16097
63795
25276
17773
73364
67389
15237
70429
53432
74179
78386
55881
66215
21016
188
56222
70954
17313
77088
6406
75988
72817
72560
5005
78412
56093
71461
68401
21721
79765
76689
56060
78617
72445
73610
71946
60486
66182
4652
65834
75494
61106
73606
19333
66392
54627
17225
19813
59245
7542
17860
73718
72243
78235
16080
60822
72597
69299
64248
65146
72490
17699
67773
71895
68156
73803
16244
63492
72228
65396
78310
61913
62605
21038
63542
30156
76714
19169
77196
66160
63065
79500
75204
56675
66090
77564
3359
63018
69022
76433
62786
76136
56987
74305
78044
16908
77305
76930
79600
69087
57532
76576
18623
78542
71561
62720
22884
16265
77230
54441
54810
1411
19838
64395
74695
25977
69132
23376
75518
19227
69148
66630
60215
58287
62923
77219
21726
75486
71744
59582
59675
23575
67315
60869
16695
38477
73351
68863
58258
14905
68063
72952
21120
72954
20768
68418
67944
21309
450
71047
23979
56528
53674
74791
66181
79646
77902
4050
69540
60342
77598
78818
55961
69872
67801
75379
68497
58647
22132
55223
77126
62673
23896
59758
78601
79305
55057
64070
5135
55817
56583
55519
71769
1817
78402
53716
68336
66309
66858
2413
54668
72708
67855
68185
53892
66480
62128
62473
66281
73906
26529
78657
19357
68809
76103
64563
69899
60436
76168
494
55190
63349
61940
44386
53305
73327
62985
10011
19538
58806
67161
57413
70950
76163
57738
21434
72307
79927
22552
73809
12034
60253
76797
66485
16700
36862
10075
214
54814
25756
68852
66415
62293
4057
31260
70106
70236
71289
77215
64162
77208
75163
59749
68095
70200
78405
13806
44155
72004
10304
59455
72456
63090
75438
22448
56835
69530
76600
3815
62774
70296
25333
8449
75333
73174
66390
63463
61456
16424
78954
55937
19434
77149
17417
66339
72512
63544
16676
21324
76668
77116
77885
1013
52452
57115
55684
73818
69123
64200
6297
21463
77968
75933
67261
73785
5903
19247
19595
59342
56689
74143
76181
68623
60311
28045
61081
67459
79281
64212
73561
16887
65340
61270
65048
65122
22605
61082
70007
62341
67851
75748
57160
64561
56082
198
64686
63183
78214
65051
79548
71577
71521
78140
66172
72575
74813
60123
74345
63954
21508
63774
2094
28293
77436
62557
62091
77849
71271
78096
68962
3856
62292
56963
75305
67720
57205
18372
74504
74393
74023
78422
69374
73743
67159
53249
69900
23310
1368
75466
68584
67362
65878
25863
78210
28605
79999
75076
78084
14490
59313
15329
72915
53848
67973
78562
2203
13093
78608
22198
76813
78945
68478
65361
65060
77046
70454
63498
78438
54881
78598
19175
36207
72527
24546
65192
74929
78321
75214
2509
2158
78287
69843
69874
78177
29777
13883
62030
67668
77653
76394
18258
26123
68483
12876
74104
68495
74932
75637
68895
71252
75226
56273
75181
78641
70986
75617
78261
72250
77173
71387
74153
78351
65025
63513
71899
66070
63684
73484
61108
30331
61997
74330
74638
58003
65320
14210
44901
53352
56167
69895
74718
61878
78379
71948
69831
78417
58419
72384
33952
58021
59757
71994
5887
78696
18750
56574
25005
75346
64948
4611
78284
61690
75124
75495
13216
25793
74831
74027
74187
73383
73228
54502
24621
79856
67265
23498
64747
75331
71198
69146
77814
68593
15855
68747
79276
60501
65998
72658
76155
76035
76685
79448
78712
76087
77193
63185
40930
71687
68068
73568
73416
66955
64969
67077
76731
75632
76982
74885
79590
69290
70878
78375
71242
28151
70408
23158
74024
70597
67950
31569
77840
75433
79973
20279
76159
77777
79834
74409
75955
12308
69829
67762
20228
78337
53465
77298
70273
76197
70351
78949
77543
71145
76789
59098
24134
14067
68528
55724
61291
79852
73218
73197
56769
63569
75558
74595
56121
54140
75761
79328
71395
78675
20475
75708
72983
79574
20501
71780
24280
63961
60370
68650
56972
76724
78716
16312
56412
74755
76047
79202
75376
6627
79081
75511
78360
64288
63110
57724
58050
21787
69303
78615
20979
55800
60997
57542
77076
54461
77808
75427
29051
69556
76712
15884
8618
9026
60018
75294
61060
70591
12999
68424
75500
74149
15755
67374
65601
74259
79302
64546
74165
58359
78957
79262
76640
64794
71860
73001
73304
57444
47584
70458
76969
79381
72091
73665
23769
53661
73620
23821
72617
78378
63226
70553
75496
57235
66192
56120
66967
15781
58027
16198
56393
72614
75462
78682
78180
62469
72015
16463
60668
79526
71282
75185
4547
65747
22362
70696
74635
71741
74904
69151
76182
73054
78918
59412
63059
74899
21232
63921
40739
61668
61259
66586
70182
55197
21429
22443
19414
54587
63744
66011
78238
63378
69808
74306
157
75520
77975
11423
60736
879
66664
79232
74290
78430
62311
71632
76023
60083
78943
39276
66032
76690
75257
77265
59066
75701
67125
1893
67743
77017
76621
68045
48054
55457
4665
17366
74137
78844
57224
20810
77007
76230
68303
71770
78147
66421
54308
65495
5360
67111
33346
30866
60170
67651
75995
58238
54110
69886
55935
76398
57287
57678
26018
72051
67984
75532
76996
78975
72900
44373
79980
61900
58180
73993
75147
67215
68745
66965
76499
68180
74726
25869
77923
71058
58660
26639
76506
69047
63930
69355
14058
65216
72544
76480
65321
61932
19010
74326
68654
75929
54858
77558
24971
74878
77957
52697
55107
65443
73242
68467
79285
70181
79698
56441
70937
70819
14311
54204
56407
79811
55238
25445
78567
62937
55258
3323
76228
20830
65682
72011
66609
55194
56612
69789
13533
68308
60696
67490
79713
77426
23028
61619
59980
67621
66409
77502
78774
14535
69308
76390
71984
73633
54386
67480
77782
77883
74596
75358
73690
79006
67629
73352
61462
20147
77075
68077
77233
66313
54836
75980
74716
71987
54869
70714
68389
79157
66633
7717
1454
73272
64172
74661
58476
73821
67458
66114
73984
24682
4997
73967
60964
1860
63450
63196
79398
77202
79604
79369
75667
56280
7289
64251
77914
79645
69716
23679
76061
72230
23446
77217
56938
74730
77067
78145
4210
67724
63268
77206
73979
69587
45980
19371
75906
15589
26419
20864
76248
74102
6755
71255
63855
73159
78288
74224
72211
56005
61282
62133
63905
10458
66821
21889
54417
68126
7591
71365
72941
75785
3998
64266
58894
59403
56682
25825
19060
78888
22313
45070
53624
32905
79696
73493
12892
54574
65415
77516
24518
68002
76341
14260
35562
75674
78424
68348
72974
72997
70474
73654
78650
63588
23588
71362
71383
72793
67550
64213
19721
77361
79916
72557
72917
69433
72963
60258
56973
75050
74121
79918
70812
68438
57405
74032
76953
3005
59842
55309
73652
20403
67828
77554
74209
78244
67481
55765
67765
38390
78058
79578
68851
13842
75668
73782
77853
75194
60400
76819
66660
77061
65629
69042
56905
18763
72549
68213
73678
68514
75934
70540
75447
57151
64201
73905
70111
64575
68931
75212
60098
55799
31779
79841
19096
64608
68152
31697
57355
72774
72741
71998
56610
22511
77351
76376
79781
74828
66646
16465
74612
64385
79998
20699
69595
73301
24894
65677
66149
23892
70882
67844
73624
70023
54993
69792
53698
59193
19652
77178
77406
71553
72488
53987
77924
59079
24637
74203
57494
75031
54080
25250
75789
18655
65812
75660
60719
67335
66529
74000
79831
72447
4265
76820
19769
78953
77937
75033
75467
57887
72879
72510
58098
69952
76522
75684
56928
24659
58177
57016
75371
72751
67496
58265
74509
18103
21282
77026
60069
3568
25102
58396
70110
79333
79849
26040
25111
73872
62264
75783
74447
24723
58122
30145
18455
68069
5044
26028
76526
77267
53681
79035
22922
79132
76767
76906
70608
79541
3171
22398
11118
20303
7784
22504
55310
73926
17990
71039
61711
3812
73722
62907
6858
75638
18012
74001
63079
22450
78851
71025
72860
72578
60216
74819
65637
75314
8132
75453
78191
20718
76472
65587
9135
21704
68140
72334
77700
66202
77547
32208
71834
29637
42050
67784
77615
76504
5942
62222
71595
61944
71711
64414
15604
70958
56053
54108
64062
76578
62570
32565
79321
66830
9849
24848
14729
19660
78019
75796
66260
55862
65431
79906
71525
20412
68179
72939
56020
68904
62116
56215
61916
35667
69252
69570
7276
67822
16795
79096
72650
67816
66321
24153
63925
54831
63574
66617
75523
78813
7684
79755
72532
59619
78987
65305
72710
62087
61970
62792
77831
75828
73683
76913
69496
65691
78994
1137
79517
70740
23510
71887
8746
79415
75619
18885
74433
21271
73434
64856
72727
71615
68018
55129
69772
76473
64975
54032
70798
32283
59074
75803
74817
68943
65093
78496
14366
21563
74999
66856
16286
66253
57712
78873
77392
55915
72626
79466
54030
77172
53778
68114
68781
18820
44564
13565
55098
60265
77580
78526
67071
66219
73868
4486
56074
13686
55625
71820
72972
60767
18032
1430
74204
55176
28282
76938
74757
79589
76590
68916
71190
70424
54617
8185
21176
73404
78122
37078
32284
57009
77128
17032
68108
68896
58948
58160
72336
73684
16575
40118
67912
78660
65368
75612
61781
79723
63271
60855
74188
54007
66717
74777
73432
72848
70085
71730
68555
44713
78784
25254
40942
61953
73760
58858
68714
77654
77357
65239
59527
40244
74759
77706
63689
73308
24268
73427
73430
57643
71363
78699
15862
77767
64293
67917
2146
77680
71488
67911
73752
12026
57938
75158
69445
78700
79531
15473
54541
26424
65773
11552
24422
76875
58759
71275
79176
74644
73071
55577
24479
71431
76601
55546
74219
66733
59681
69517
55781
20485
59791
79401
13617
70463
72694
57855
58834
75589
59168
57389
56110
73459
60512
76022
19802
69693
78727
75832
68287
53935
79065
65891
25411
70532
58253
53795
70638
65521
72193
70171
72630
15323
72672
69603
78592
72666
69803
31958
66169
78837
73649
60921
62695
75053
24224
75020
67263
63352
68425
79316
75276
14298
3396
75901
69508
78717
68215
76250
78229
79475
74079
78664
74589
79148
2110
66388
63998
76262
53859
78442
18924
77338
72099
75099
18427
53821
77773
79830
70657
71910
69667
77257
76013
77129
16410
67659
73269
61447
76644
79486
56741
11179
75265
74614
22777
74848
70695
69889
73230
69566
71011
77232
66801
71474
74849
73516
19520
73225
69678
57361
60549
75837
66960
79432
26037
65412
78274
74426
79651
28594
17940
56826
14293
77314
54714
59006
20459
14965
73798
79858
77210
67405
70595
69098
71578
75143
73168
70636
56041
56175
79976
56209
71412
67262
72771
17339
74084
70555
54880
18855
1312
24248
13538
77025
78754
24255
7968
64376
70628
72936
64726
54214
70956
72432
78846
58317
12294
65285
77109
75459
73456
71286
64736
58126
23045
77256
67704
74732
73075
79977
69406
77884
75590
7063
74522
13896
11327
73103
56869
25806
77965
23787
19739
66351
74127
75150
11478
16164
10337
64613
76580
56718
4600
72202
76549
62758
64474
62023
64757
77863
69035
12624
19154
79638
67560
73837
73101
66550
78755
79090
77478
58381
69921
64013
70964
61592
25777
55671
71408
54773
77170
32116
59840
73298
75681
68811
73525
73204
65511
72254
75480
54424
70915
57508
65397
76279
23002
75854
77628
69309
9452
62948
70542
66743
54952
74297
71556
1517
71764
66732
14128
65934
22722
21534
22473
16680
4393
77988
57065
54509
70356
75927
78270
59594
78978
79679
76428
76508
68807
71385
67841
8356
63488
53784
61678
64536
78919
66423
75610
77390
63084
79957
78499
68827
73910
79194
77562
57111
15505
3917
68060
15522
67575
76746
53370
70498
63284
1663
68734
72404
71544
12460
77544
63209
68203
74943
74513
54202
73003
79996
73031
79955
28553
73248
69674
79377
54542
64828
69499
16689
57401
72913
77469
71094
38161
77730
73318
64824
79581
65635
58394
6163
54987
70529
70866
19132
7630
77364
72539
65631
77922
56852
59889
69915
75060
79001
53598
21520
71545
66663
63401
56912
55244
13594
18425
29340
64710
74788
75825
76041
76702
78236
68554
67708
75190
43738
72832
71543
67116
74057
77185
64018
62536
60891
14390
78556
78540
71573
60518
69626
64359
74430
60378
62440
78890
71836
76423
74249
79907
69240
22225
16413
13090
73339
68750
67601
75575
34026
77174
69533
68035
56812
77911
65720
74680
73145
78215
74418
74445
25930
63221
23532
18404
78786
75401
72629
4069
6060
60578
69487
21179
65013
57183
72814
73592
70601
60445
56495
70858
78072
22393
2141
8598
79387
74896
54421
79394
60772
66354
27620
53699
64651
76030
64159
31891
57453
78295
22797
5357
59358
67848
71568
74692
53208
56818
23635
58740
78630
22079
73171
38545
77663
22460
17935
24421
26178
26041
63464
57593
76729
79459
55590
64589
22819
68529
70190
77712
78326
322
72969
32770
79258
57315
61823
74602
73096
62680
68283
78464
76374
65886
79707
67027
78746
62410
32276
75864
65516
70581
58308
72698
62818
56128
22690
56391
77946
69125
72348
75430
55540
70804
21111
16371
31010
12604
63596
68643
74587
75132
4512
79826
53644
55839
9284
79709
77055
13264
24860
72446
33463
74169
10589
77020
76592
58014
70013
14676
26908
71798
71962
75445
71298
79134
72069
75389
37662
71814
8659
20264
59401
60673
60608
19381
79341
77081
71458
76444
64555
55115
61273
69472
36673
79189
75108
57393
79071
78502
71229
67951
79537
53516
44856
43669
71340
72409
78193
1135
77683
79304
55864
58241
76339
64909
61374
73831
65441
1816
59801
77444
219
67005
79641
61521
65737
5820
73137
63529
19697
79213
57021
61285
72843
68433
63278
78202
74887
77148
60959
73698
24809
69077
74719
68008
56420
74340
13244
77000
1796
19811
11837
77955
55952
60060
77259
65992
22635
78656
16137
56416
57011
66364
58159
63064
58328
4927
65390
65939
68740
60046
9844
62121
68772
62157
78081
73199
75869
72776
72313
65378
55909
67896
23478
78951
57340
72292
63911
74708
64301
73581
45032
63918
57490
59409
78132
61178
79901
65662
78018
79718
79835
78681
62420
76492
56281
73898
74945
72104
59324
78002
78293
71086
26759
61710
22330
58243
73605
71934
65636
12589
71247
54289
70834
75492
76095
31231
77330
4651
67955
59518
65714
71792
23407
78152
64240
298
64371
76391
64186
61937
78488
76831
64806
71266
19598
75156
23358
64390
71103
78476
71254
66977
74880
56648
73806
61442
17047
29730
78670
67602
23027
15591
57169
29978
60388
79034
75669
65480
56458
61560
72618
63545
74347
70382
70679
69523
72591
19250
79013
76541
77042
79033
74279
25981
66832
79314
61615
78426
55525
76008
69890
63455
74264
65950
60645
72714
74135
69796
73795
74410
58607
64405
74560
18097
25177
72366
60084
62823
9842
75768
17732
77658
78905
21203
68246
69989
79402
73164
75094
24163
68980
55326
73650
67242
73953
60918
65518
75889
69488
72940
73943
67636
58347
13210
76895
11178
68419
69516
78206
56111
18503
21001
78605
71889
77852
16800
78427
74103
23632
74977
57676
63322
17562
76144
58958
69281
79079
23902
57418
25498
73998
64422
79556
6746
82
20744
60581
73320
68196
75443
72956
5256
73422
70573
28706
64322
64654
76357
67644
76752
25507
2228
73059
67919
61873
66262
59421
25796
58751
16785
16729
15366
26241
57814
18186
76458
74394
27467
72886
60600
37519
24927
70558
73638
70662
21362
20455
68160
18676
69631
78474
65040
73132
20822
62773
65462
76935
19810
77570
74040
75299
25229
67710
10052
67666
59076
65699
33641
77470
21095
58601
76438
58285
29470
62463
70604
1482
58567
11130
55998
70470
78216
78457
21060
72120
391
24267
21020
59821
69136
78005
78760
59880
59893
59131
79457
74251
70519
63314
66855
67288
61346
21195
71913
76751
59038
17859
70876
77632
72191
66163
79355
21692
79338
60812
69870
68262
58908
66232
34387
62647
68284
78666
15590
65424
76638
14431
64067
69576
9622
60362
16613
66756
14868
4895
74782
24320
72370
61588
58930
66276
74793
27605
74132
56413
66618
55566
76066
56501
19960
71587
76665
21090
55333
67576
59891
27789
77132
72540
78595
74879
67962
59380
77647
3932
58975
69804
61736
74160
78470
5013
25251
77218
16885
75709
76268
63473
78446
59928
6066
72493
20921
2745
66859
5452
23763
73378
59787
57995
63386
65938
77830
76709
66681
77986
2014
32675
7107
68613
67946
56896
64459
73027
22982
75871
59270
64511
59850
17788
61801
66994
78495
7062
72861
72119
59606
57379
74197
59186
55468
73807
74607
65436
54927
39783
79129
61948
30448
57746
15041
79874
11720
78988
70738
73299
23247
63960
16624
8204
56945
69227
69876
70372
77520
54403
69571
79896
74743
71817
33977
69937
77896
79171
2441
69465
72425
71904
79087
70490
74826
65625
68535
20801
77874
67255
79565
18724
74105
71130
63875
73746
6096
61135
24484
25585
16808
76649
72506
73116
76151
70911
68029
72270
65746
65190
77614
61412
73210
64473
75897
65803
71629
61666
15782
41215
53923
17946
71575
60640
13293
1008
17781
71922
74539
68428
79774
8881
64830
54107
78458
68997
59454
73070
68340
3993
22378
75663
61128
59534
70132
25035
8114
6139
5626
21211
72753
64298
67102
79244
56470
192
70037
70942
54639
63697
54001
77810
60705
68444
11653
75630
58450
73211
73908
70587
78639
19079
14367
35263
30565
76883
74984
70153
71611
71807
70264
21813
63764
75729
64944
44226
76812
25799
72152
18541
66614
77583
14914
76559
70228
78048
14815
53651
75664
66592
66923
79628
77745
79032
76494
7324
63045
21618
344
73931
73147
76123
64776
74194
75013
77772
41260
60270
79740
28607
58310
54294
72322
73428
58789
73655
24527
23089
57242
77094
26204
521
71771
77641
58415
75583
732
68866
58762
60015
22140
66279
78965
68382
64507
69860
77438
23707
78146
51452
60533
76484
24551
30142
56507
76051
78307
63552
64307
72169
79631
63630
62097
78568
76771
65033
12821
55431
25429
72550
70961
72327
56764
72237
61069
3545
75336
65847
53944
56113
71091
61819
61320
70589
68370
59815
78997
25785
72653
20927
76183
68137
74847
74436
77473
76135
66142
28897
21876
55412
78183
65918
58846
41866
62819
74521
67927
60163
76285
78725
70279
3855
72031
67655
73124
13392
73728
66772
57703
8640
75857
60332
70846
28372
59350
74851
25071
67303
74647
76432
73026
72238
78104
66894
74551
72740
75863
8150
2260
64971
64350
71351
67963
78921
62640
68051
66838
57245
64445
20277
66087
63519
79329
72837
2860
74620
74240
77375
64541
73094
76067
78557
79729
69837
75754
69325
75594
61296
75902
73058
74265
69279
54040
62519
76306
44707
54740
77981
71446
74585
62518
58659
64198
64982
69663
72823
42528
78724
75177
75327
34460
77371
2261
77842
67323
78665
68359
52051
21252
79279
79839
67760
65702
61859
68042
78036
61852
65484
75866
75567
69999
61217
66693
63366
63195
73930
21143
27308
58205
55768
4561
65976
59385
66180
68632
79136
60166
24058
76040
76319
10146
25984
71613
61480
71343
75765
72198
15388
78137
66724
61983
69625
59034
76867
72269
54112
76089
75173
18339
7642
61825
79759
75566
23815
76395
67144
23826
68976
60900
25958
26127
62317
19188
63214
74581
73829
57256
76520
78232
70516
54911
79533
78000
20997
75595
75370
77297
79376
29641
78369
79080
76880
53475
63742
60399
73389
62838
63363
78710
57793
63649
62043
74640
71938
78126
66391
29904
66274
66807
76378
78933
77590
78281
70982
61653
78929
56873
77566
62765
58474
8196
70823
79779
55163
14630
75596
71548
79331
30119
78669
5146
79431
70268
70477
70611
67197
77736
59032
21772
19913
24556
79476
56992
79280
78603
77705
70207
78156
62390
73765
54178
75613
67626
15035
60284
28992
25748
60768
63568
63504
5311
77340
77995
67178
43613
78265
79203
76940
54808
15795
60073
59399
59176
73990
64353
63580
55453
54755
13379
59503
40495
76475
79609
71952
62991
68373
74405
78383
78627
71032
76720
4458
72158
54330
75324
76275
63512
72576
79936
77638
70699
22098
29667
62935
79499
72632
59655
72114
13122
79441
3096
75273
70321
77023
75008
75252
69216
66995
79367
77431
32890
69773
20964
75279
73701
73940
68675
24030
67915
57207
60420
17194
68640
75072
2992
25453
72858
46135
67872
65104
38238
64738
29806
61943
23942
23806
5347
38676
6121
61886
58389
69550
74507
59318
21122
73215
77729
66916
60916
72781
76955
59541
59026
77024
65403
10708
66781
77429
74491
79472
66047
6719
21222
58470
76122
65338
38511
70390
78729
53369
73426
78732
58451
62014
64632
67553
79937
63535
57895
77818
56767
71135
75104
64764
78514
70450
79642
63768
33418
73227
79237
62844
67100
65716
64164
71167
79390
67065
54971
20362
65542
63680
75574
9286
78117
10505
76909
57975
73179
73036
56990
23186
73941
62963
76002
62910
73285
70335
77344
57639
74398
64586
60559
70397
67388
77898
25432
79795
23944
74852
78972
77797
54171
64704
78913
62582
70371
22002
79144
70276
54505
77341
53721
54550
59994
53561
79837
2196
63822
69995
22660
62325
25359
9198
77452
68416
11681
57751
71243
68320
76553
71673
72833
22379
70162
61184
77104
60241
54621
78871
76477
65820
77581
78203
70995
68775
63843
66853
76721
79524
68094
74367
13301
71606
79673
77459
69039
75180
18202
79793
69745
58344
79421
54473
26101
79175
69251
79657
66993
60259
76116
63785
67129
67205
73611
75413
18944
57461
66349
59987
72111
69548
78120
30999
21046
72463
74056
79342
73911
10312
75968
59089
64667
69434
66941
60068
78864
63418
77139
20471
37075
44244
67506
76223
68223
73612
20709
61160
19345
78302
16384
76561
78663
74244
57553
59877
78538
79519
78545
72766
59657
18535
66776
74480
78966
16350
61211
70683
79170
60958
71021
69055
63061
71724
76259
61695
56124
79979
18556
62268
23188
65475
60792
70336
74552
73125
68766
63893
27281
77220
64374
64810
352
79253
78475
74662
68899
69322
74979
65904
63938
21913
23120
13765
55007
13933
19789
23645
21467
79109
62365
20107
66168
8593
77254
79860
79406
76673
21929
19399
55316
32336
64101
54451
70719
7453
62108
68582
14856
78980
24085
75965
77272
72256
70256
63359
57607
67675
59820
76821
77481
67694
66800
73157
79007
23594
65825
63270
79337
64456
61238
69908
63629
59106
67110
65151
7171
59304
64666
79885
63939
66302
68606
69707
74145
69184
73278
74775
74424
63602
69107
63460
73206
65851
56986
77121
6187
15904
79127
54559
14237
1983
65002
72854
74966
4273
73934
65181
25613
14924
176
656
19723
60066
46754
13180
69783
79085
68396
68139
71676
63485
67017
71540
76556
55157
22144
20056
69694
60338
78001
57313
74406
79549
77212
60508
55650
54514
75078
33277
58295
21529
77381
72910
75521
73022
65522
79702
72442
60841
1141
75986
69988
12922
60686
58853
26307
20625
56794
18203
58990
65523
72676
76343
71040
64881
76682
55288
5621
68172
77278
7922
76355
74841
65377
25605
55395
69701
9982
64211
79192
79735
71316
21094
69778
20676
72329
22537
57116
76961
78720
28185
55784
54471
72520
24787
13280
76741
73414
74272
73892
67934
73734
71406
21250
77649
79625
76342
25985
19756
76905
16904
77142
71217
64884
59129
59722
11995
78689
78708
20470
76878
15833
69006
77759
79808
76740
73506
25931
79067
25950
54785
77771
63461
59676
71418
76025
62481
79650
11584
70299
54167
73165
3728
58221
77136
76768
70221
68475
54150
70795
22565
61193
71137
78385
8023
64782
79022
72543
74980
64064
78264
77833
14032
63201
1955
75971
22667
76286
70088
74972
78364
34329
21182
66958
76226
71333
53666
73595
59482
71794
70523
57261
25437
16318
11621
79761
74371
26271
79560
15745
63840
77028
10473
15217
66148
64703
79984
57919
78447
69769
78380
1825
72999
19432
76734
15512
24700
54703
2681
68780
8774
71056
67732
57759
19078
16917
57803
70556
71982
69051
19202
48971
70232
73342
78778
78880
70650
65356
67391
49091
59981
76688
70554
71752
18914
71009
79544
67284
65947
59590
78829
60103
74041
73682
56366
23997
76675
56815
67787
61741
54616
64145
67377
78745
17474
56817
4703
76725
79690
77989
75138
70818
75599
58274
23272
67210
76840
76981
69852
63788
75643
72857
68436
62880
75149
59635
70355
74556
55011
72448
75329
68021
54819
1953
54005
55686
17569
74916
10994
25749
4908
60821
17845
68875
55158
5010
75830
68006
62213
76091
73692
61621
69218
22458
27904
5989
60316
67173
71880
39553
57848
74459
75219
74093
79595
24578
66017
64206
23861
74733
74886
15355
71175
67094
8440
72657
23583
67587
78450
63409
79847
61072
75991
56955
65941
75979
9723
78692
70402
56486
72737
67517
75483
3475
73363
22287
5164
67508
1847
66854
78371
70061
79014
73779
67594
4974
55136
75827
71599
60573
61587
58005
67900
79971
55890
67085
78870
79069
71967
69951
61212
74483
7928
18702
72298
60516
63301
74463
75209
62273
28401
74106
77108
63669
70230
65369
71624
67291
78121
73499
65454
58393
57906
65379
54698
66061
26949
77164
74372
79954
16348
75868
76715
3190
17875
68709
12235
73589
78070
69657
73788
62417
64504
28948
66379
70711
22183
46850
57277
65622
58729
62185
66205
72224
19455
54517
68785
73391
65307
77468
76806
3773
62260
57536
70320
2922
67191
65526
77475
8534
65496
68138
76385
73862
68335
6030
7757
67105
79622
14753
58125
62619
75228
2524
68167
4583
69997
69233
72918
3184
57571
55182
22686
58545
70974
79522
79961
54960
24199
74352
2616
55118
19883
58144
18271
63637
31275
21365
55608
79893
68688
20765
3059
61938
65559
72200
17090
16013
18650
48760
64500
29060
74854
69632
74631
63525
77001
72133
53606
58819
78749
72568
58560
57472
76222
74532
28016
61114
56998
78393
24715
66282
23225
61949
64835
68869
78758
33176
64897
72907
71766
70892
79404
76966
54413
24458
65863
24365
66201
62492
71768
68110
76778
55099
61167
72852
70247
3860
35217
78010
66556
42567
70345
62347
57291
59860
76333
61185
71118
71348
61360
73475
61036
78642
77758
70294
74007
4088
61397
77474
57686
71872
73762
67939
61912
18408
53585
66652
77557
77295
70225
57017
29928
49674
66567
72743
79435
63367
75746
64981
69032
76639
59483
18566
5101
36027
77991
63728
73178
65675
56729
64117
58661
58194
63152
11484
75985
65186
68376
74845
58654
76356
24293
66744
68667
78182
23789
72864
66475
64990
71228
68700
78289
72381
73292
77627
71470
18984
23953
78948
78779
59145
79229
79084
77751
78651
67414
78292
68212
71120
70033
76353
77827
3158
78790
5028
69619
70006
65366
56553
26236
74907
70873
67521
63565
74067
74832
57097
68148
57416
62304
75086
73520
75342
54888
73813
72775
57324
78420
71528
4019
77760
23509
20153
15818
69491
62531
59015
78361
79629
75418
68776
69315
76941
58900
78534
77449
18301
63167
59114
53293
79424
77951
73827
69738
56876
53779
78221
65588
72922
78071
79250
23856
5437
60846
73648
72423
72750
25873
71155
75687
68206
63837
64984
48340
24015
54646
25626
56573
76908
78100
57104
64137
76972
17866
75702
75680
75834
68889
73957
22020
65902
2270
69836
24777
76079
76939
56217
76736
73332
79960
60992
73956
58906
62688
62670
70137
66075
62598
74082
19102
59625
78167
77284
78944
70098
61115
67798
67439
2294
64358
77194
75961
57884
9042
56460
56329
72450
22620
13877
67008
79119
54775
59605
77446
22490
62798
57952
66363
15274
71583
76322
7683
57348
70809
15938
37773
62839
55576
11114
66073
73148
72491
68758
22107
23850
71360
54416
3311
59416
79911
73287
65153
17185
23088
66250
74451
79225
69992
18793
5442
60462
56201
66038
78706
59440
69417
69149
27668
68583
75120
72151
57998
58391
55508
58426
72592
75378
13391
79042
74455
77335
13024
69459
68636
54849
72309
76730
77229
3572
15949
5173
65614
70344
76468
15004
65242
75984
63755
66399
76443
71117
71196
77673
4163
77639
53386
53692
74694
72078
77325
57955
19575
69408
43728
57466
78241
61043
79453
15346
54953
77282
77666
70616
78239
25951
53541
54845
16328
64931
14851
78178
75959
22116
74953
19732
77428
26167
20965
74175
78800
70447
73348
6959
59895
17016
63769
21013
61984
77905
22994
77801
56735
75258
7874
27381
66053
14466
72577
53448
21139
14665
69332
26229
78992
60885
78884
11575
71442
54778
55213
79252
61146
56164
74475
64153
62777
12851
76224
67596
70361
76774
61277
58967
60145
74750
73356
26149
23026
76329
78485
65807
455
64403
13967
79899
59504
66243
76352
79816
78735
78505
70300
70865
60967
15029
68222
63350
79487
77059
77529
17411
57202
25428
79100
74714
71159
67648
78525
77497
20733
54840
78266
61347
75609
859
74531
31763
70400
20571
75311
65404
56025
48310
74913
76474
59265
70360
4475
63467
15419
60593
75343
75245
78194
74921
60906
72344
59075
61553
75114
72268
53690
70410
67218
68034
69075
72295
589
69589
76888
66627
67233
75006
6711
77517
77732
51558
61797
70472
4239
65235
79678
15811
57329
66587
79736
56680
66125
21781
65856
64663
64483
61964
58032
53691
63916
68301
77858
15983
79540
66667
67198
72516
68563
59563
68915
76445
71336
72612
62454
78093
74868
58797
59843
79842
58057
16378
65045
62879
56931
62140
66953
20023
77018
74380
77747
19240
42303
77607
63166
61555
55995
61390
74190
77402
17540
11294
18519
64836
53470
72757
74701
25104
58547
70570
66836
73469
59836
70579
78828
18318
58189
69369
73090
26251
79652
70143
58250
53595
67308
1972
74983
19117
68746
74660
25204
68773
74322
77482
74006
65757
58322
61485
40791
10351
59443
68522
59575
66306
79120
71263
61552
65660
57371
23135
77235
72992
73864
69150
72073
23380
21895
74205
24319
75604
73076
72088
25252
61788
78648
77225
55155
64957
23636
78713
53281
8838
65500
74247
75507
78539
64565
72140
77339
79695
3522
79216
78209
75587
14004
67438
79044
20189
64958
62072
76903
3976
22634
64174
70992
54570
76421
58839
66504
67921
53300
74339
76326
61651
79950
24402
73478
3635
74526
60954
77978
57823
77727
10941
73699
67961
24395
75964
24955
70259
61713
21416
69979
79923
24425
20098
76493
75740
68634
44858
52388
73604
19442
72460
79511
70924
71523
74538
69713
75734
67241
71424
79207
16982
53966
66636
62928
31354
78739
79409
66925
13614
26171
23617
70130
74335
70779
72365
8778
67516
77414
72904
19864
2704
72690
65964
877
65916
68792
67400
56781
21234
76596
65899
78753
75888
73946
78171
77604
64861
4241
72137
73380
65942
69409
79450
79612
77071
72582
21261
72225
65864
72625
59461
62683
54613
65498
72935
14403
77179
66698
56361
16355
4490
7179
74753
77413
77867
71851
2020
77943
61941
68913
72558
60762
76957
54978
12076
28645
66650
21208
63182
74361
77266
3592
72862
18090
72180
16888
3232
73497
75105
76160
62055
76140
68201
75883
71304
61256
74688
72919
13905
72545
59150
59024
71921
74781
76650
70737
25732
78245
74281
19438
71169
65993
23582
73439
25604
78106
62845
2746
59847
28922
23843
62263
15278
60628
60979
1337
63478
34126
22731
55616
71804
67028
61843
77412
57677
15963
75780
69131
53593
78836
74232
74123
70282
33483
38552
28691
18704
78742
76154
75947
53212
21868
23196
58736
66330
69256
77321
56388
17033
68540
72724
61799
9473
59632
63466
66109
73781
54564
74278
65719
56684
61595
76217
72898
5222
22653
56524
26059
61059
25460
54177
77171
69928
30425
79700
61685
69185
68553
63138
63673
78092
70169
61926
23590
56061
72772
79900
73213
77622
77613
14024
