744
996 999
977 979
993 995
990 991
982 985
984 988
949 953
958 960
967 968
973 974
980 981
961 965
956 957
941 943
920 928
932 934
947 952
929 930
919 927
916 918
945 946
911 915
937 940
901 903
898 902
669
879 881
894 897
910 912
882 883
847 856
871 872
884 885
891 892
658
861 866
862 868
904 909
873 876
857 858
846 853
838 841
837 840
834 835
679
654
646
645
652
647
640
538
642
616
648
649
655
677
641
650
667
623
611
592
644
663
627
614
621
678
656
588
629
626
491
504
671
596
672
567
613
594
639
561
602
555
638
605
591
556
550
570
557
610
540
549
575
584
565
604
606
597
569
526
554
560
576
536
539
516
520
530
574
546
533
507
559
541
551
493
488
508
486
532
499
502
479
531
389
519
497
515
509
453
436
472
593
514
489
145
473
500
446
485
505
393
480
506
429
462
467
456
483
457
463
468
451
423
441
442
439
460
425
440
412
411
448
396
416
387
430
352
404
433
421
357
361
360
397
391
477
348
450
435
420
45
370
378
406
364
367
332
354
356
334
132
112
369
329
347
142
362
342
166
381
358
159
141
122
43
136
140
400
377
374
349
340
107
351
139
113
164
87
328
75
89
125
170
35
333
149
167
19
110
48
379
209
148
380
25
154
109
100
98
106
90
127
174
121
92
346
111
83
120
28
23
22
13
431
103
29
81
17
3
16
135
39
34
5
21
33
38
77
41
201
70
11
4
78
74
14
229
179
63
178
9
60
197
184
24
187
217
7
176
203
208
73
230
189
1
192
275
211
181
50
193
205
251
222
62
213
286
194
267
196
228
56
225
210
219
216
240
268
292
177
247
232
313
239
202
241
245
233
255
265
260
258
319
220
690
296
278
299
186
276
42
284
254
277
261
282
303
283
281
320
272
301
274
309
316
279
294
691
317
839
298
680
742
706
311
326
287
312
302
300
723
712
702
687
692
739
778
819
708
325
729
722
694
732
682
727
305
323
743
314
235
741
725
315
212
688
736
718
719
704
771
745
707
738
786
713
764
803
787
746
812
747
693
724
775
748
906
757
777
768
728
730
308
860
780
820
293
756
766
784
754
779
772
733
836
815
921
761
785
848
845
830
807
821
802
767
799
804
755
791
850
877
823
844
852
734
878
829
827
864
865
922
792
831
874
811
843
822
951
880
776
889
826
890
855
863
849
851
859
867
870
970
924
887
869
931
905
923
790
842
954
886
913
936
809
49 51
893
899
875
888
966
983
20 26
896
939
908
907
950
994
900
962
942
944
895
27 30
955
10 12
971
978
926
854
61 65
948
986
987
925
935
938
992
998
917
976
259 263
969
997
15 18
972
964
52 53
118 119
0 2
40 44
963
6 8
31 32
975
68 69
36 37
46 47
57 58
71 72
933
989
76 79
66 67
959
914
80 82
94 95
105 108
59 64
114 115
54 55
91 93
99 101
116 117
85 88
84 86
153 156
96 97
102 104
123 124
129 130
147 150
134 137
138 143
126 128
144 146
155 157
131 133
161 162
151 152
163 165
158 160
168 169
171 172
173 175
188 190
183 185
191 195
198 199
231 234
218 221
243 246
180 182
200 204
236 237
238 242
206 207
262 264
214 215
224 227
223 226
256 257
270 273
266 269
249 250
289 290
271 280
330 331
252 253
285 288
244 248
324 327
291 295
306 310
307 318
343 344
335 336
321 322
345 353
350 355
365 366
368 371
297 304
339 341
359 363
373 376
372 375
382 383
337 338
409 410
385 388
384 386
398 399
401 402
390 392
407 408
403 405
422 426
394 395
413 415
414 417
418 419
469 474
428 432
434 437
424 427
458 461
455 459
476 478
444 445
447 449
494 495
438 443
464 465
466 471
470 475
452 454
481 482
484 487
501 503
512 513
496 498
510 511
490 492
517 518
521 522
534 535
527 529
525 528
523 524
543 544
553 558
548 552
572 573
568 571
564 566
537 542
579 580
562 563
595 598
589 590
545 547
630 632
583 585
577 578
601 603
617 619
586 587
581 582
599 600
620 622
607 608
609 612
624 625
657 660
628 631
635 636
633 634
637 643
659 661
698 701
615 618
651 653
662 665
664 666
695 696
668 670
673 674
675 676
684 685
752 758
681 683
697 699
710 711
720 721
686 689
726 731
703 705
700 709
751 753
762 763
716 717
735 737
765 769
740 744
770 773
714 715
759 760
795 796
782 783
800 801
793 794
825 828
749 750
797 798
774 781
788 789
